resp =

  -0.019040   0.043997   0.212027   0.341545   0.421472

